178
179
180
181
182
183
184
185
186
187
188
189
190
191
192
193
194
195
196
197
198
199
200
201
202
203
204
205
206
207
208
209
210
211
212
213
215
216
217
218
219
220
221
222
223
224
225
226
227
228
229
230
231
232
233
234
235
236
237
238
239
240
241
242
243
244
245
246
247
248
249
250
251
252
253
254
255
256
257
258
259
260
261
262
263
264
266
267
269
377
393
399
405
421
434
439
442
443
444
447
450
451
452
453
454
455
456
457
458
459
460
461
462
463
464
483
484
485
486
487
488
489
490
491
492
493
494
495
496
497
498
499
501
503
506
508
509
518
520
521
522
523
524
526
529
530
533
561
562
563
564
565
566
567
568
569
570
571
572
573
574
575
577
578
580
581
1182
1185
1192
1193
1195
1197
1201
1202
1240
1242
1244
1246
1254
1262
1264
1272
1274
1282
1284
1292
1294
1302
1304
1315
1317
1333
1351
1353
1401
1403
1419
1445
1537
1539
1547
1551
1557
1563
1798
1800
1802
1804
1808
1810
1814
1816
1818
1820
1822
1824
1826
1828
1830
1832
1875
1893
1948
1949
1951
1955
1956
1957
1958
1963
1968
1973
1977
1986
1998
2001
2008
2009
2018
2020
2026
2027
2028
2029
2030
2031
2034
2035
2036
2037
2040
2041
2042
2043
2044
2046
2050
2053
2054
2055
2056
2057
2058
2059
2060
2061
2062
2082
2103
2108
2173
2178
2180
2182
2183
2188
2193
2203
2254
2289
2291
2293
2295
2331
2363
2444
2454
2464
2476
2486
2506
2508
2510
2512
2514
2516
2524
2525
2529
2533
2534
2537
2545
2549
2550
2551
2589
2603
2948
3077
3078
3079
3080
3081
3084
3085
3086
3087
3088
3089
3092
3093
3094
3095
3096
3097
3100
3101
3102
3103
3104
3105
3108
3109
3110
3111
3112
3113
3116
3117
3118
3119
3120
3121
3124
3125
3126
3127
3128
3129
3132
3133
3134
3135
3136
3137
3140
3141
3142
3143
3144
3145
3148
3149
3150
3151
3152
3153
3156
3157
3158
3159
3160
3161
3164
3165
3166
3167
3168
3169
3172
3173
3174
3175
3176
3177
3180
3181
3182
3183
3185
3188
3189
3190
3191
3192
3193
3194
3195
3196
3197
3198
3199
3200
3201
3202
3203
3204
3205
3206
3207
3208
3209
3210
3211
3212
3213
3214
3215
3216
3217
3218
3220
3221
3222
3223
3224
3225
3226
3227
3228
3229
3230
3231
3232
3233
3234
3235
3236
3237
3238
3239
3240
3241
3242
3246
3247
3248
3249
3250
3251
3252
3253
3254
3255
3256
3257
3258
3262
3263
3264
3265
3266
3267
3268
3269
3270
3271
3272
3273
3274
3275
3276
3277
3278
3279
3280
3281
3282
3283
3284
3287
3288
3289
3290
3291
3292
3293
3296
3297
3299
3414
3415
3465
3466
3467
3469
3470
3471
3474
3475
3476
3477
3478
3479
3481
3482
3528
3534
3536
3538
3542
3544
3546
3550
3552
3554
3559
3561
3563
3565
3566
3571
3573
3575
3576
3581
3586
3596
3606
3616
3651
3653
3663
3829
3839
3887
3897
3898
3901
3907
3913
3937
3941
3947
3953
3962
3977
3981
3987
3993
4025
4027
4345
4346
4347
4348
4349
4383
4391
4393
4403
4409
4435
4471
4477
4529
4533
4569
4573
4609
4613
4787
4833
4871
4959
5011
5051
5091
5093
5137
5141
5175
5177
5179
5181
5215
5217
5219
5221
5233
5239
5245
5279
5281
5282
5299
5301
5302
5319
5320
5321
5322
5339
5340
5342
5361
5363
5365
5399
5403
5405
5439
5443
5445
5493
5533
5599
5631
5647
5649
5683
5693
5697
5719
5721
5723
5743
5745
5747
5755
5757
5759
5839
5849
5865
5867
5869
5871
5933
5945
5955
5971
5973
5975
6001
6003
6005
6041
6043
6045
6047
6073
6131
6135
6159
6160
6173
6176
6296
6325
6437
6441
6485
6527
6569
6631
6633
6635
6637
6671
6673
6675
6677
6715
6717
6719
6721
6757
6759
6761
6763
6805
6807
6809
6811
6859
6861
6863
6865
6919
6921
6923
6925
6959
6961
6963
6965
6999
7001
7003
7005
7043
7045
7047
7049
7083
7085
7087
7089
7123
7125
7127
7131
7167
7169
7171
7173
7247
7249
7251
7253
7287
7289
7291
7293
7327
7329
7331
7333
7367
7369
7371
7373
7407
7409
7411
7413
7447
7449
7451
7453
7487
7489
7491
7493
7535
7537
7539
7541
7579
7581
7583
7585
7619
7621
7623
7625
7663
7665
7667
7669
7703
7705
7707
7709
7743
7745
7747
7749
7783
7785
7787
7789
7827
7829
7831
7833
7997
8001
8007
8023
8025
8027
8089
8091
8101
8103
8105
8113
8115
8117
8133
8135
8175
8177
8225
8263
8295
8297
8335
8337
8419
8427
8433
8517
8521
8529
8531
8535
8537
8579
8583
8585
8635
8639
8641
8748
8759
8785
8787
8789
8815
8817
8819
8821
8863
8865
8867
8869
8903
8905
8907
8909
9071
9073
9091
9093
9127
9129
9131
9133
9135
9137
9139
9141
9207
9209
9211
9213
9247
9249
9251
9253
9287
9289
9291
9293
9327
9329
9331
9333
9367
9369
9371
9377
9411
9413
9415
9417
9451
9453
9455
9457
9491
9493
9495
9497
9521
9556
9568
9580
9582
9608
9622
9632
9646
9660
9668
9670
9678
9680
9702
9706
9728
9734
9744
9750
9762
9772
9784
9790
9800
9808
9899
9941
9942
9943
9944
9947
9950
9956
9957
10039
10151
10152
10155
10156
10164
10165
10166
10188
10204
10208
10209
10212
10213
10216
10217
10221
10222
10225
10226
10228
10244
10246
10629
10678
10688
10690
10692
10694
10836
10838
10840
10868
10872
10876
10880
10884
10888
10998
11105
11215
11217
11225
11227
11235
11237
11245
11247
11255
11257
11265
11267
11277
11279
11283
11285
11287
11289
11293
11295
11297
11299
11301
11303
11305
11309
11311
11317
11319
11325
11327
11341
11343
11349
11351
11355
11357
11359
11370
11488
11489
11561
11563
12052
12054
12056
12066
12108
12198
12199
12200
12217
12219
12225
12235
12236
12237
12238
12239
12257
12261
12265
12269
12274
12344
12354
12709
13166
13216
13217
13218
13219
13220
13221
13222
13223
13224
13225
13226
13227
13228
13229
13230
13231
13232
13233
13234
13235
13236
13237
13238
13239
13240
13241
13242
13243
13244
13245
13246
13247
13248
13249
13250
13251
13252
13253
13254
13255
13256
13257
13258
13259
13260
13261
13262
13263
13265
13283
13284
13285
13286
13287
13320
13773
13774
13775
13776
13777
13778
13779
13780
13781
13782
13783
13784
13785
13786
13787
13788
13791
13793
13795
13797
13799
13801
13803
13805
13807
13809
13811
13813
13815
13817
13819
13820
13821
13822
13823
13824
13825
13826
13827
13828
13829
13830
13831
13832
13833
13834
13864
13865
13866
13867
13868
13870
13872
13873
13874
13876
13878
13879
13880
13881
13882
13883
13884
13885
13886
13887
13888
13889
13890
13891
13892
13893
13894
13919
13920
13921
13922
13923
13924
13925
13926
13927
13929
13931
13933
13935
13937
13939
13941
13943
13945
13947
13948
13949
13950
13951
13952
13953
13954
13955
13956
13957
13958
13959
13960
13962
13963
13964
13965
13966
13967
13968
13969
13970
13972
13974
13976
13978
13980
13982
13984
13986
13988
13990
13992
13994
13995
13996
13997
13998
13999
14001
14003
14005
14007
14009
14011
14013
14015
14017
14019
14021
14023
14025
14027
14029
14031
14033
14035
14037
14039
14041
14043
14045
14047
14049
14051
14053
14055
14057
14059
14061
14063
14065
14067
14068
14069
14070
14072
14074
14076
14078
14080
14082
14084
14086
14088
14090
14092
14094
14096
14098
14100
14102
14104
14106
14108
14110
14112
14114
14116
14118
14120
14122
14124
14126
14127
14128
14130
14132
14134
14136
14138
14140
14142
14144
14146
14148
14150
14152
14154
14156
14158
14160
14162
14164
14166
14168
14170
14172
14174
14176
14178
14184
14186
14188
14190
14192
14194
14196
14198
14200
14202
14204
14206
14208
14210
14212
14214
14218
14220
14222
14224
14226
14228
14230
14232
14234
14236
14238
14240
14242
14244
14246
14248
14250
14252
14254
14256
14258
14260
14262
14264
14266
14268
14270
14272
14274
14276
14278
14280
14282
14284
14286
14295
14296
14297
14298
14299
14343
15416
15457
15458
15459
15460
15461
15462
15463
15464
15465
15466
15477
15478
15479
15480
15508
15510
15675
15677
15681
15683
15685
15687
15689
15691
15693
15695
15697
15699
15701
15703
15705
15707
15709
15711
15713
15715
15717
15719
15721
15723
15725
15727
15729
15731
15733
15735
15737
15739
15741
15742
15743
15744
15745
15746
15747
15749
15751
15753
15755
15757
15759
15761
15764
15766
15768
15770
15772
15776
15778
15780
15784
15786
15788
15790
15792
15794
15796
15798
15800
15802
15804
15806
15808
15810
15812
15813
15814
15815
15816
15817
15818
15820
15821
15823
15824
15825
15826
15827
15828
15829
15830
15831
15832
15833
15834
15835
15836
15837
15838
15840
15841
15843
15844
15845
15846
15847
15848
15849
15850
15851
15852
15853
15854
15855
15856
15857
15858
15859
15860
15861
15862
15863
15864
15865
15866
15867
15868
15869
15870
15871
15872
15873
15874
15875
15877
15879
15881
15883
15885
15887
15889
15891
15893
15895
15897
15898
15899
15900
15901
15902
15903
15904
15905
15907
15909
15911
15913
15915
15917
15919
15921
15923
15925
15927
15929
15931
15933
15935
15937
15939
15941
15943
15945
15947
15949
15951
15953
15955
15957
15959
15961
15963
15965
15967
16003
16004
16005
16006
16008
16009
16046
16047
16048
16049
16050
16051
16052
16053
16054
16055
16056
16057
16058
16059
16060
16061
16062
16064
16065
16067
16068
16126
16213
16214
16216
16220
16221
16245
16246
16247
16248
16249
16278
16297
16299
16301
16303
16305
16313
16321
16329
16337
16345
16357
16359
16365
16367
16373
16375
16381
16383
16391
16399
16407
16415
16423
16431
16433
16435
16439
16441
16443
16447
16449
16451
16455
16457
16467
16469
16475
16477
16481
16487
16489
16495
16497
16499
16505
16507
16513
16515
16517
16519
16521
16523
16525
16527
16533
16535
16537
16631
16688
16689
16690
16691
16692
16694
16696
16697
16869
17167
17168
17174
17175
17176
17177
17178
17180
17181
17182
17184
17185
17186
17187
17363
17364
17365
17366
17367
17368
17402
17403
17404
17406
17407
17408
17482
17484
17485
17487
17488
17490
17491
17492
17493
17494
17495
17496
17497
17498
17499
17500
17502
17504
17506
17508
17510
17512
17514
17516
17518
17520
17522
17524
17526
17528
17536
17538
17540
17542
17544
17546
17547
17548
17549
17551
17553
17555
17557
17559
17621
17648
17650
17652
17654
17656
17658
17660
17662
17664
17666
17668
17670
17672
17674
17676
17678
17680
17682
17684
17686
17688
17690
17692
17694
17770
17771
17772
17773
17832
17834
17836
17838
17857
17859
17861
17863
17871
17938
17982
18036
18038
18040
18042
18044
18046
18048
18050
18052
18054
18056
18058
18060
18062
18064
18066
18626
18635
18637
18639
18658
18660
18662
18664
18666
18668
18670
18672
18674
18676
18680
18682
18684
18686
18688
18690
18692
18694
18696
18698
18700
18702
18704
18706
18708
18710
18712
18714
18716
18718
18720
18722
18724
18726
18728
18730
18740
18742
18744
18746
18748
18750
18752
18754
18756
18758
18760
18762
18764
18766
18768
18770
18772
18775
18777
18779
18781
18783
18785
18787
18789
18791
18793
18795
18797
18799
18801
18803
18805
18807
18809
18811
18813
18815
18817
18819
18821
18823
18825
18827
18829
18831
18833
18835
18837
18839
18841
18843
18845
18847
18849
18851
18853
18855
18857
18859
18861
18863
18865
18867
18869
18871
18873
18875
18877
18879
18881
18883
18885
18887
18889
18891
18893
18895
18897
18899
18901
18903
18905
18907
18909
18911
18913
18915
18917
18919
18921
18923
18925
18927
18929
18931
18933
18935
18937
18939
18941
18943
18945
18947
18949
18951
18953
18955
18957
18959
18961
18963
18965
18967
18969
18971
18973
18975
18977
18979
18981
18983
18985
18987
18989
18991
18999
19001
19003
19005
19007
19009
19011
19013
19015
19017
19019
19021
19023
19025
19027
19029
19031
19033
19035
19036
19037
19038
19039
19040
19041
19042
19043
19044
19045
19046
19047
19049
19051
19053
19055
19057
19065
19067
19069
19071
19073
19075
19077
19079
19081
19083
19085
19087
19101
19103
19105
19107
19109
19111
19113
19115
19117
19119
19129
19131
19133
19135
19137
19139
19141
19143
19145
19147
19149
19151
19169
19171
19173
19175
19177
19179
19181
19183
19185
19187
19189
19191
19193
19194
19195
19196
19197
19198
19199
19200
19201
19202
19203
19204
19205
19206
19207
19208
19209
19211
19213
19215
19217
19219
19221
19223
19225
19227
19229
19231
19233
19235
19237
19239
19241
19243
19245
19247
19249
19251
19253
19255
19257
19258
19259
19260
19261
19262
19263
19264
19265
19266
19267
19268
19269
19270
19271
19272
19273
19274
19275
19276
19277
19278
19279
19280
19281
19282
19283
19284
19285
19286
19287
19288
19289
19293
19295
19297
19299
19301
19303
19311
19313
19315
19317
19319
19321
19323
19325
19327
19329
19335
19337
19339
19341
19343
19345
19347
19349
19351
19353
19359
19361
19363
19470
19500
19534
19535
19536
19537
19538
19539
19540
19547
19548
19549
19550
19551
19553
19554
19555
19556
19684
19685
19686
19687
19688
19689
19690
19691
19692
19693
19694
19695
19696
19697
19698
19699
19700
19810
19812
19814
19923
19925
19927
19929
19931
19935
19937
19939
19942
19944
19946
19948
19950
19952
19962
19964
19966
19968
19970
19972
19974
19976
19978
19980
19982
19984
19986
19988
19990
19992
19994
19996
19998
20000
20002
20004
20006
20008
20010
20012
20014
20016
20018
20020
20022
20024
20026
20028
20030
20032
20034
20036
20038
20040
20043
20045
20047
20049
20051
20053
20055
20057
20059
20060
20061
20062
20063
20064
20065
20066
20121
20138
20157
20158
20159
20160
20161
20175
20199
20280
20306
20307
20308
20358
20371
20443
20444
20446
20448
20450
20452
20454
20498
20499
20500
20501
20502
20503
20504
20505
20506
20507
20508
20509
20539
20555
20557
20559
20561
20563
20565
20567
20569
20573
20575
20577
20579
20581
20587
20589
20591
20593
20595
20597
20599
20601
20603
20605
20607
20609
20611
20613
20617
20619
20621
20623
20625
20627
20629
20631
20633
20635
20637
20639
20641
20700
20701
20703
20721
20723
20725
20727
20729
20731
20733
20735
20737
20739
20741
20743
20745
20747
20749
20751
20753
20755
20757
20759
20761
20763
20765
20767
20769
20771
20773
20775
20777
20779
20781
20783
20785
20787
20789
20791
20793
20795
20797
20799
20801
20803
20805
20807
20809
20811
20813
20815
20817
20819
20821
20823
20825
20827
20829
20831
20833
20835
20837
20839
20841
20843
20845
20847
20849
20851
20853
20855
20857
20859
20861
20863
20865
20867
20869
20871
20873
20875
20877
20879
20881
20883
20885
20887
20889
20891
20893
20895
20897
20899
20901
20903
20905
20907
20909
20911
20913
20915
20917
20919
20921
20923
20925
20927
20929
20931
20933
20935
20937
20939
20941
20943
20945
20947
20949
20951
20953
20955
20957
20959
20961
20963
20965
20967
20969
20971
20973
20975
20977
20979
20981
20983
20985
20987
20989
20991
20993
20995
20997
20999
21001
21003
21005
21007
21096
21194
21196
21198
21200
21202
21204
21206
21208
21210
21212
21214
21216
21218
21220
21222
21224
21226
21228
21230
21232
21234
21236
21238
21240
21242
21244
21246
21248
21250
21252
21254
21256
21258
21260
21262
21264
21266
21268
21270
21272
21274
21276
21278
21280
21282
21284
21286
21288
21290
21292
21294
21296
21298
21300
21302
21304
21306
21308
21310
21312
21314
21316
21318
21320
21322
21324
21326
21328
21330
21332
21334
21336
21338
21340
21342
21344
21346
21348
21350
21352
21354
21356
21358
21360
21362
21364
21366
21368
21370
21372
21374
21376
21378
21380
21382
21384
21386
21388
21390
21392
21394
21396
21398
21400
21402
21404
21406
21408
21410
21412
21414
21416
21418
21420
21422
21424
21426
21428
21430
21432
21434
21436
21438
21440
21442
21444
21446
21450
21470
21472
21474
21476
21478
21480
21484
21486
21491
21493
21496
21498
21500
21504
21506
21508
21510
21512
21527
21532
21534
21536
21538
21540
21542
21545
21547
21549
21551
21553
21555
21557
21559
21561
21606
21740
21841
21853
21855
21857
21867
21894
21896
21898
21900
21902
21904
21906
21908
21910
21912
21914
21916
21918
21920
21922
21924
21926
21928
21931
21933
21935
21937
21939
21941
22107
22108
22109
22110
22111
22112
22113
22114
22115
22116
22117
22118
22119
22120
22121
22122
22123
22124
22125
22126
22127
22128
22129
22130
22131
22133
22134
22135
22136
22137
22175
22177
22534
22535
22542
22564
22565
22566
22567
22568
22569
22570
22571
22572
22576
22611
22613
22615
22619
22621
22623
22634
22715
22760
22765
22778
22782
22875
22877
22879
22881
22883
22887
22889
22891
22895
22899
22901
22903
22905
22907
22909
22911
22913
22915
22919
22925
22929
22931
22933
22937
22945
22947
22949
22953
22961
22963
22965
22967
22969
22971
22973
22975
22977
22979
22981
22983
22985
22987
22989
22991
22993
22995
22997
22999
23001
23003
23005
23007
23009
23011
23013
23015
23017
23019
23021
23023
23025
23027
23029
23031
23033
23035
23037
23039
23041
23043
23045
23047
23049
23051
23053
23055
23057
23059
23061
23071
23073
23075
23077
23079
23081
23083
23085
23089
23091
23093
23095
23097
23099
23101
23103
23105
23107
23109
23111
23113
23115
23117
23119
23416
23418
23473
23506
23510
23512
23523
23525
23527
23533
23536
23559
23561
23563
23659
23674
23702
23705
23707
23709
23711
23713
23715
23717
23719
23721
23723
23725
23727
23729
23731
23735
23783
23785
23787
23789
23791
23793
23795
23797
23799
23801
23803
23805
23807
23809
23811
23813
23815
23817
23819
23821
23824
23829
23834
23836
23838
23840
23842
23844
23846
23848
23850
23852
23854
23856
23864
23866
23868
23894
23896
23898
23902
23953
24283
24348
24395
24445
24550
24552
24554
24567
24569
24574
24575
24632
24636
24637
24638
24639
24640
24641
24642
24644
24646
24653
24654
24655
24656
24657
24658
24659
24660
24663
24684
25266
25270
25271
25280
25305
25349
25540
25542
25545
25546
25547
25548
25561
25565
25707
25709
25711
25713
25821
25861
25867
25868
27070
27071
27072
27073
27074
27075
27076
27077
27078
27079
27080
27081
27082
27083
27084
27085
27086
27087
27088
27089
27090
27091
27092
27093
27094
27095
27096
27097
27098
27099
27100
27101
27102
27103
27104
27105
27106
27107
27108
27109
27110
27111
27112
27113
27114
27115
27116
27117
27118
27119
27120
27121
27122
27123
27124
27125
27126
27127
27128
27129
27130
27131
27142
27143
27147
27148
27149
27150
27151
27167
27169
27170
27171
27174
27175
27176
27177
27178
27179
27180
27181
27182
27184
27185
27186
27187
27188
27190
27191
27192
27193
27194
27195
27196
27197
27198
27224
27225
27226
27227
27229
27230
27231
27232
27233
27234
27235
27236
27237
27238
27239
27240
27243
27244
27245
27246
27247
27249
27250
27251
27252
27253
27254
27255
27256
27257
27258
27259
27260
27313
27315
27317
27319
27321
27323
27325
27327
27329
27331
27333
27335
27337
27339
27341
27343
27345
27347
27349
27351
27353
27355
27357
27359
27361
27363
27365
27367
27369
27371
27373
27375
27377
27379
27381
27383
27385
27387
27389
27391
27393
27395
27397
27399
27401
27403
27405
27407
27409
27411
27413
27415
27417
27419
27421
27423
27425
27427
27429
27431
27433
27435
27437
27439
27441
27443
27445
27447
27449
27451
27453
27455
27459
27465
27471
27477
27483
27489
27495
27501
27507
27513
27519
27525
27530
27532
27533
27535
27536
27538
27539
27540
27542
27544
27545
27547
27548
27550
27551
27553
27554
27556
27557
27559
27560
27562
27563
27565
27567
27569
27570
27573
27574
27576
27577
27579
27580
27582
27583
27585
27589
27591
27592
27594
27595
27597
27598
27600
27601
27603
27604
27606
27607
27609
27610
27612
27613
27615
27616
27618
27619
27621
27622
27624
27625
27627
27628
27630
27631
27633
27634
27636
27638
27640
27641
27643
27644
27646
27647
27649
27650
27652
27653
27655
27672
27673
27674
27675
27678
27766
27767
27768
27769
27770
27771
27772
27773
27774
27775
27776
27777
27778
27779
27780
27782
27784
27786
27788
27790
27855
27856
27857
27858
27897
27904
27912
27914
27916
27918
27920
27922
27924
27930
27932
27934
27951
28262
28264
28266
28268
28270
28272
28274
28276
28278
28280
28282
28284
28286
28288
28290
28292
28294
28296
28298
28300
28302
28304
28306
28308
28324
28326
28328
28330
28332
28334
28336
28338
28351
28375
28377
28379
28381
28383
28511
28514
28516
28518
28520
28522
28524
28526
28528
28530
28532
28534
28536
28538
28540
28542
28544
28545
28547
28549
28550
28552
28554
28556
28557
28559
28561
28563
28565
28583
28646
28652
28654
28668
28670
28672
28674
28676
28678
28680
28682
28684
28729
28731
28733
28735
28737
28739
28740
28742
28744
28746
28748
28750
28752
28754
28756
28758
28770
28772
28774
28776
28778
28780
28782
28784
28786
28788
28790
28791
28792
28793
28794
28795
28796
28797
28798
28799
28800
28801
28802
28803
28804
28805
28806
28807
28808
28809
28810
28811
28812
28813
28814
28815
28816
28817
28818
28819
28999
29001
29003
29005
29007
29009
29011
29013
29015
29613
29616
29618
29620
29622
30013
30028
30328
30342
30389
30420
30422
30424
30486
30488
30655
30656
30839
31864
31866
31868
31870
31872
31874
31876
31878
31880
31882
31884
31886
31888
31890
31892
31894
31896
31898
31900
31902
31904
31906
31908
31910
31916
31918
31922
31924
31926
31928
31930
31932
31936
31942
31944
31946
31948
31950
31952
31954
31955
31956
31957
31958
31959
31962
31963
31964
31965
31966
31967
31968
31969
31970
31971
31972
31973
31974
31975
31976
31977
31978
31979
31982
31990
31998
32006
32014
32101
32102
32103
32104
32105
32107
32108
32109
32110
32111
32112
32113
32114
32115
32116
32117
32118
32119
32120
32121
32122
32123
32124
32125
32226
32245
32246
32248
32254
32255
32260
32262
32325
32340
32342
32344
32414
32422
32436
32438
32440
32442
32444
32458
32459
32772
32774
32780
32782
32787
32809
33003
33005
33007
33009
33011
33076
33101
33103
33149
33176
33178
33180
33270
33330
33332
33334
33393
33394
33400
33403
33404
33405
33406
33440
33441
33442
33446
33448
33452
33453
33459
33464
33466
33474
33475
33476
33477
33516
33520
33522
33525
33526
33527
33528
33529
33555
33557
33559
33561
33563
33565
33581
33583
33585
33589
33591
33595
33608
33610
33671
33681
33700
33702
33704
33706
33807
33808
33822
33826
33828
33830
33832
33842
33844
33846
33848
33850
33852
33867
33915
33917
33918
33919
33920
33921
33922
33923
33924
33925
33926
33927
33928
33929
33930
33931
33932
33933
33934
33935
33936
33937
33938
33939
33940
33941
33942
33943
33944
33945
33946
33947
33948
33949
33950
33951
33952
33953
33954
33955
33956
33957
33958
33959
33960
33961
33962
33963
33964
33965
33966
33967
33968
33969
33970
33971
33972
33973
33974
33975
33976
33981
33983
33985
34122
34124
34126
34260
34264
34481
34483
34485
34487
34489
34593
35656
35657
35658
35659
35660
35661
35662
35770
35774
35788
35789
35794
35795
35825
35826
35827
35832
35833
35834
35835
35836
35840
35841
35877
35878
35881
35886
35891
35892
35894
35899
35921
35922
35923
35924
35925
35926
35928
35940
35941
35943
35944
35945
35947
35949
35959
35962
35963
35965
36908
36909
36910
36911
36912
37146
37147
37148
37149
37150
37151
37152
37153
37154
37155
37156
37157
37158
37159
37160
37161
37162
37163
37164
37165
37166
37167
37168
37169
37170
37171
37172
37173
37174
37175
37178
37179
37180
37181
37182
37183
37216
37217
37218
37219
37220
37221
37222
37223
37228
37229
37230
37231
37232
37233
37234
37235
37248
37249
37250
37251
37254
37255
37256
37257
37258
37259
37260
37261
37268
37269
37272
37273
37274
37275
37288
37289
37290
37291
37293
37297
37301
37305
37450
37452
37479
37532
37534
37543
37544
37545
37599
37608
37610
37611
37612
37613
37622
37623
37624
37625
37626
37627
37628
37629
37630
37631
37805
37820
37821
37822
37823
37824
37825
37843
37844
37846
37847
37848
37849
37850
40307
40308
40309
40310
40334
40335
40340
40345
40346
40347
40348
40349
40350
40354
40355
40356
40358
40359
40360
40361
40362
40363
40364
40365
40631
40632
40633
40634
40635
40636
40659
40660
40661
40663
40664
40665
40666
40667
40669
40670
40690
40696
40697
40698
40699
40714
40715
40716
40718
40730
40731
40732
40733
40736
40737
40750
40752
40754
40756
40762
40764
41030
41031
41032
41033
41034
41038
41040
41054
41055
41056
41058
41059
41061
41062
41063
41064
41065
41066
41067
41076
41077
41078
41079
41080
41081
41082
41083
41099
41100
41101
41102
41103
41104
41114
41115
41116
41117
41118
41119
41126
41127
41128
41129
41130
41138
41139
41140
41141
41142
41150
41151
41152
41153
41154
41155
41156
41157
41158
41159
41160
41174
41175
41176
41180
41181
41182
41191
41196
41197
41198
41199
41200
41201
41202
41212
41213
41214
41215
41216
41217
41218
41219
41220
41223
41224
41236
41237
41238
41240
41241
41249
41250
41251
41252
41254
41255
41411
41414
41417
41439
41440
41441
41442
41443
41444
41456
41457
41458
41459
41460
41461
41462
41463
41464
41465
41467
41468
41469
41470
41471
41472
41473
41474
41476
41477
41478
41479
41480
41481
41482
41483
41484
41485
41487
41488
41489
41490
41491
41492
41494
41495
41498
41499
41501
41502
41503
41504
41505
41506
41508
41509
41510
41511
41512
41513
41515
41516
41517
41518
41519
41520
41521
41522
41523
41524
41526
41527
41529
41530
41531
41533
41534
41565
41566
42145
42146
42200
42201
42202
42203
42204
42205
42206
42207
42208
42209
42210
42211
42212
42213
42214
42215
42522
42526
42527
42528
42529
42530
42694
42695
42696
42829
42830
42831
42832
42833
42834
42835
42836
42837
42838
42839
42840
43658
43660
43662
43664
43681
43694
43699
43701
43704
43705
43707
43708
43709
43711
43712
43713
43714
43715
43716
43717
43718
43719
43720
43721
43722
43723
43724
43725
43726
43727
43729
43730
43732
43733
43734
43775
43854
43855
43856
43857
43858
43859
43860
43861
43862
43863
43864
43865
43866
43867
43868
43869
43870
43871
43872
43873
43874
43875
43876
43877
43878
43879
43880
43881
43882
43883
43884
43885
43886
43887
43888
43889
43890
43891
43892
43893
43919
43920
43921
44102
44111
44112
44113
44114
45009
45010
45537
45538
45539
45544
45546
45548
45550
45586
45587
45588
45589
45590
45591
45592
45593
45594
45595
45596
45597
45598
45599
45600
45601
45602
45603
45604
45605
45606
45607
45608
45609
45610
45611
45612
45613
45614
45615
45616
45617
45618
45619
45620
45621
45622
45623
45624
45625
45626
45627
45628
45629
45630
45631
45632
45633
45640
45641
45998
45999
46000
46001
46002
46003
46004
46005
46006
46270
46323
46324
46325
46326
46327
46328
46355
46365
46367
46369
46371
46484
46485
46486
46487
46488
46489
46490
46491
46492
46493
46494
46495
46496
46497
46575
46577
46633
46634
46635
46636
46637
46638
46639
46640
46641
46642
47028
47035
47036
47037
47038
47039
47069
47070
47071
47072
47073
47074
47116
47117
47118
47119
47120
47121
47122
47123
47124
47125
47126
47127
47128
47129
47130
47131
47132
47133
47134
47135
47136
47137
47138
47139
47140
47141
47142
47143
47144
47145
47146
47147
47148
47149
47150
47151
47254
47255
47256
47258
47261
47262
47263
47272
47273
47274
47297
47298
47299
47323
47325
47327
47330
47332
47334
47336
47338
47340
47342
47344
47347
47348
47351
47352
47353
47356
47358
47360
47362
47364
47366
47368
47447
47448
47450
47512
47513
47514
47515
47516
47699
47700
47701
47729
47730
47731
47733
47734
47735
47737
47738
47739
47741
47742
47743
47744
47746
47747
47748
47750
47751
47752
47754
47755
47756
47766
47767
47768
47770
47771
47772
47774
47775
47776
47778
47779
47780
47782
47783
47784
47786
47787
47788
47790
47791
47792
47797
47798
47799
47801
47802
47803
47805
47806
47807
47809
47810
47811
47813
47814
47815
47816
47818
47819
47821
47822
47823
47825
47826
47827
47829
47830
47831
47835
47837
47839
47841
47843
47845
47885
47886
47887
47908
47909
47912
47913
47915
47916
47917
47919
47920
47921
47923
47924
47925
47928
47929
47932
47933
48113
48114
48115
48148
48149
48416
48417
48418
48420
48421
48422
48424
48425
48426
48428
48429
48430
48432
48433
48434
48436
48437
48438
48582
48744
48746
48747
49099
49723
49724
49725
49727
49728
49729
49731
49732
49733
49735
49736
49737
49739
49740
49741
49770
49771
49772
49774
49790
49791
49792
50053
50066
50067
52224
52225
52226
52228
52229
52231
52244
52674
52679
52680
52681
52682
52683
52694
52785
52786
52787
52788
52789
52790
52915
52916
52917
52918
52919
52920
52921
52922
53301
53302
53704
53705
53706
53707
53708
53709
53710
53711
53712
53713
53714
53715
53839
53853
53854
53855
53856
53857
53890
53891
53892
53893
53894
53895
53896
53897
53898
53899
53900
53901
53902
53903
53904
53905
53906
53907
54291
54292
54293
54294
54295
54392
54393
54394
54395
54396
54397
54398
54399
54400
54401
54402
54403
54404
54405
54406
54407
54408
54409
54534
54535
54536
54537
54538
54539
54540
54541
54542
54543
54544
54545
54714
54715
54719
54739
54740
54741
54743
54745
54746
54747
54749
54750
54751
54752
54754
54769
54770
54771
54772
54773
54774
54775
54776
54777
54778
54779
54780
54830
54973
54974
54976
55700
55747
55761
55803
55804
55805
55806
55826
55860
55862
56201
56202
56203
56204
56205
56206
56207
56208
56269
56270
56271
56272
56273
56274
56275
56276
56277
56278
56279
56280
56281
56282
56283
56284
56285
56286
56287
56288
56289
56290
56291
56292
56293
56294
56299
56300
56301
56733
56735
56748
57110
57111
57112
57113
57114
57116
57117
57118
57119
57120
57121
57122
57123
57124
57125
57126
57127
57128
57319
57433
57434
57435
58904
58919
58966
58971
59630
59633
60244
60422
60423
60424
60425
60426
60427
60428
60429
60430
60448
60449
60450
60460
60461
60462
60463
60464
60465
60466
60467
60468
60469
60470
60471
60472
60473
60474
60475
60476
60477
60478
60479
60480
60481
60482
60483
60575
